4294967279,473
4294967278,256
4294967279,455
4294967278,324
4294967279,256
4294967279,448
4294967278,376
4294967278,353
4294967279,245
4294967279,235
4294967278,229
4294967278,225
4294967279,223
4294967278,322
4294967278,320
4294967279,454
4294967279,453
4294967279,388
4294967279,386
4294967278,407
4294967278,383
4294967279,154
4294967278,248
4294967278,246
4294967278,240
4294967278,237
4294967278,212
4294967294,1087
4294967278,312
4294967279,412
176,5
176,4
176,3
176,2
176,1
4294967279,309
4294967278,305
4294967279,435
4294967278,347
4294967278,344
4294967278,176
174,6
174,5
174,4
174,3
174,2
174,1
4294967279,405
4294967294,414
4294967294,119
4294967294,466
4294967294,464
4294967278,342
4294967279,305
4294967278,339
4294967278,154
4294967278,406
4294967279,404
171,5
171,4
171,3
171,2
171,1
4294967278,147
169,6
4294967294,1069
169,5
169,4
169,3
169,2
169,1
4294967278,285
4294967294,1426
167,6
167,5
167,4
167,3
167,2
167,1
4294967279,275
4294967278,384
166,5
166,4
166,3
166,2
166,1
4294967294,1421
4294967279,389
165,5
165,4
165,3
165,2
165,1
4294967278,241
4294967294,483
164,5
164,4
164,3
164,2
164,1
4294967294,409
4294967294,1244
4294967294,461
4294967294,412
163,4
163,3
163,2
163,1
4294967278,405
4294967278,275
4294967278,260
4294967278,319
4294967279,317
4294967279,444
4294967278,380
4294967279,316
4294967278,195
4294967278,36
4294967278,35
4294967278,34
4294967278,33
4294967278,32
4294967278,352
4294967278,31
4294967278,30
4294967278,29
4294967278,28
4294967278,27
4294967278,26
4294967278,25
4294967278,24
4294967278,23
4294967278,22
4294967278,21
4294967278,20
4294967278,19
4294967278,18
4294967278,17
4294967278,16
4294967278,15
4294967278,14
4294967278,13
4294967278,12
4294967278,11
4294967278,10
4294967278,9
4294967278,8
4294967278,7
4294967278,6
4294967278,5
4294967278,4
4294967279,132
4294967279,131
4294967279,130
4294967279,129
4294967279,128
4294967279,127
4294967279,126
4294967279,125
4294967279,124
4294967279,123
4294967279,122
4294967279,121
4294967279,120
4294967279,119
4294967279,118
4294967279,117
4294967279,116
4294967279,410
4294967279,21
4294967279,19
4294967279,17
4294967279,15
4294967279,14
4294967279,13
4294967279,12
4294967279,11
4294967279,409
4294967294,1159
4294967294,1158
4294967294,1157
4294967294,1154
4294967294,1153
4294967294,1085
4294967294,1084
4294967294,1081
4294967294,1076
4294967294,1073
4294967294,1070
4294967294,1066
4294967294,1065
4294967294,401
4294967294,185
4294967294,182
4294967294,176
4294967294,173
4294967294,170
4294967294,163
4294967294,161
4294967278,185
4294967278,161
4294967279,143
4294967279,142
4294967279,139
4294967279,274
4294967279,270
4294967278,330
4294967279,261
4294967279,396
162,5
4294967278,328
162,4
162,3
162,2
162,1
4294967279,416
4294967278,252
4294967278,250
4294967278,251
4294967279,248
4294967279,246
4294967278,238
160,6
4294967278,242
160,5
160,4
160,3
160,2
160,1
4294967278,351
4294967278,235
4294967278,230
4294967278,228
4294967278,224
4294967278,221
4294967278,218
4294967278,216
4294967278,213
4294967278,321
4294967294,1166
4294967294,1160
4294967279,384
4294967278,207
4294967278,203
157,5
157,4
157,2
157,1
4294967278,200
4294967278,199
155,6
4294967279,472
4294967278,192
4294967294,37
4294967294,36
4294967294,39
4294967278,191
4294967279,471
155,5
4294967278,187
155,4
155,3
155,2
155,1
4294967279,470
4294967278,186
4294967278,183
4294967294,396
4294967294,385
4294967294,179
4294967294,178
4294967294,386
4294967294,108
4294967294,416
4294967294,460
4294967294,110
4294967278,182
4294967294,1074
153,6
4294967278,178
4294967278,345
4294967279,469
4294967278,177
153,5
4294967279,176
153,4
153,3
153,2
153,1
4294967294,1428
4294967294,1078
152,5
152,4
152,3
152,2
152,1
4294967278,166
4294967294,115
4294967279,161
151,5
4294967278,156
151,4
151,3
151,2
151,1
4294967278,155
4294967278,293
4294967278,152
150,5
150,4
150,3
150,2
150,1
4294967278,292
149,4
149,3
149,2
149,1
4294967294,389
4294967294,469
4294967278,335
4294967279,400
4294967279,468
4294967294,89
4294967279,276
4294967278,287
4294967278,132
4294967278,131
4294967278,128
4294967278,126
4294967278,125
4294967278,124
4294967278,123
4294967278,121
4294967278,346
4294967279,260
4294967279,399
4294967278,284
4294967294,1155
4294967294,1082
4294967294,1067
4294967294,11
4294967294,68
4294967279,269
4294967278,327
4294967278,326
4294967279,393
4294967279,392
4294967279,391
4294967278,323
4294967279,228
4294967279,226
4294967279,218
4294967279,216
4294967279,280
4294967279,213
4294967279,212
4294967278,210
4294967279,211
4294967278,209
4294967279,306
4294967279,201
4294967278,404
4294967294,387
4294967278,196
148,5
148,4
148,3
148,2
148,1
4294967294,448
4294967294,468
4294967279,428
4294967278,308
146,6
146,5
146,4
146,3
146,2
146,1
4294967279,307
4294967278,403
4294967278,172
4294967278,171
4294967278,168
4294967278,167
4294967279,166
4294967278,300
4294967294,114
4294967294,394
4294967294,24
4294967278,163
4294967279,467
4294967278,295
143,5
143,4
143,2
143,1
4294967278,153
4294967278,151
4294967279,150
4294967279,149
4294967278,337
4294967279,294
4294967278,291
4294967278,290
141,6
4294967294,17
4294967294,99
4294967294,76
4294967278,402
4294967294,5
4294967294,81
4294967294,50
4294967279,285
4294967279,402
4294967278,336
4294967294,38
4294967294,1
4294967279,401
4294967278,334
4294967278,135
4294967278,276
141,5
141,4
4294967278,136
141,3
141,2
141,1
4294967279,136
4294967294,40
4294967294,82
0,7
4294967279,291
4294967279,398
4294967278,272
4294967294,392
4294967294,390
4294967279,290
4294967278,271
4294967294,1424
4294967294,0
4294967278,401
4294967278,0
4294967279,0
139,6
4294967294,1247
4294967294,1072
4294967294,186
4294967294,1068
4294967294,29
4294967294,120
4294967278,266
4294967294,25
4294967294,46
4294967279,282
139,5
4294967294,41
4294967294,42
139,4
4294967279,267
139,3
139,2
139,1
4294967294,419
4294967294,53
4294967294,426
4294967294,441
4294967279,266
4294967278,263
4294967294,393
138,5
4294967294,51
4294967294,2
4294967294,94
4294967294,96
138,4
138,3
138,2
138,1
4294967279,259
4294967278,329
4294967294,107
4294967294,27
4294967294,92
4294967294,91
4294967294,90
4294967294,88
4294967294,87
4294967294,86
4294967294,85
4294967294,84
4294967294,1249
4294967294,83
4294967294,1246
4294967294,1086
4294967294,28
4294967294,26
4294967294,52
4294967294,45
4294967294,44
4294967278,130
4294967278,129
4294967294,67
4294967294,43
4294967294,417
4294967279,255
4294967278,127
4294967294,8
137,5
4294967294,22
4294967294,9
4294967278,122
4294967294,1163
4294967279,390
4294967294,7
4294967278,254
4294967294,93
4294967294,95
137,4
4294967278,253
137,3
137,2
137,1
4294967279,253
4294967294,462
4294967294,458
4294967279,250
4294967278,249
4294967278,247
136,5
136,4
136,3
136,2
136,1
4294967279,238
4294967279,237
4294967278,236
135,4
